2 0.145333 0.617000 0.285333 0.766000
2 0.080000 0.198000 0.154667 0.344000
2 0.338667 0.402000 0.368000 0.752000
2 0.184000 0.051000 0.314667 0.098000
2 0.477333 0.250000 0.314667 0.496000
2 0.560000 0.138000 0.266667 0.272000
2 0.617333 0.049000 0.258667 0.094000
2 0.554667 0.748000 0.304000 0.504000
2 0.672000 0.525000 0.234667 0.514000
2 0.725333 0.321000 0.277333 0.466000
2 0.792000 0.199000 0.160000 0.342000
2 0.826667 0.114000 0.160000 0.204000
2 0.834667 0.836000 0.202667 0.300000
2 0.877333 0.675000 0.197333 0.234000
2 0.917333 0.403000 0.160000 0.374000
2 0.934667 0.359000 0.130667 0.174000
